,topic_0,topic_1,topic_2,topic_3,topic_4,topic_5,topic_6,topic_7,topic_8,topic_9,topic_10,topic_11,topic_12,topic_13,topic_14,top_topic_lda
0,0.0037161285261034503,0.0037161284213775127,0.00371613027916248,0.003716134093926911,0.55211910459507,0.0037161305370104307,0.003716130592501131,0.003716166471562112,0.003716128879672396,0.003716128455592228,0.3995711578483387,0.003716128389176472,0.0037161290559673448,0.0037161419823186115,0.0037161318722204063,4
1,0.0034690058886032308,0.6259540416588141,0.003467430810405642,0.3289535687597054,0.003475921284753153,0.003467432680085777,0.003467430920908884,0.0034675872944818662,0.003467757301815031,0.003467437477107433,0.003468598132844087,0.0034674303286591386,0.0034674332439597346,0.0034714172058198925,0.003467507012036716,1
2,0.959571098750222,0.00288850927388646,0.002887114478802233,0.0028871180108702792,0.002887120450376442,0.0028871152332781867,0.0028871527859009928,0.0028871188195792007,0.0028872029191398365,0.002888073621715062,0.0028878771480847503,0.0028871146785810525,0.0028871237610324702,0.0028927850375195592,0.0028874750310118164,0
3,0.002043162393605621,0.0020431453763422426,0.08012733957853253,0.002043140764966585,0.8933113394401163,0.0020435518384801193,0.002043157008044748,0.002043140350628373,0.002043140434740643,0.002043140352582005,0.002043170722008139,0.0020431404543480272,0.0020431404236019154,0.0020431486521373197,0.0020431422098652193,4
4,0.0030009183405813986,0.003001028465613231,0.00300092142267466,0.0030009189575140502,0.0030009187367257256,0.003000918507667267,0.0030009183709369114,0.0030009188071911607,0.003000919659415518,0.0030009188231737488,0.8423984190593822,0.0030009182651089274,0.0030009186078890577,0.0030009193486487964,0.11858952462747736,10
5,0.0026572079190865057,0.8362354924544826,0.0026572073939616584,0.002657255524424629,0.002657283056871393,0.0026573103004423762,0.0026572657344580107,0.0026573036767569293,0.002657493328794662,0.0026572072688749275,0.010109809884242007,0.002657207434769441,0.0026572083065870586,0.0026572335194648107,0.121767514196783,1
6,0.24168264163320471,0.0031234895535770767,0.0031232083974894647,0.00312325685155037,0.0031232569745541262,0.0031232253764801143,0.0031232079269129676,0.16498860928618567,0.5558494830549244,0.0031232117173232684,0.0031232627108519883,0.0031232079146217566,0.0031232108009429478,0.003123210800045367,0.003123517001335938,8
7,0.0033680417680113754,0.0033680392395069106,0.003368038390354578,0.0033680561945477216,0.0033680401299683903,0.003368038403072641,0.0033680383992580527,0.0033680388549856143,0.0033680390373066957,0.0033680386230729407,0.7991564541808303,0.003368042408105487,0.0033680385882345104,0.0033680392904618345,0.15705901649228327,10
8,0.002971258392197802,0.0029712524547103134,0.5502894003775182,0.11026717521617314,0.002971284752055672,0.002971252631051399,0.0029712528389518283,0.002971290531297436,0.002971306131963701,0.002971252356904663,0.002971917879487941,0.002971253506967273,0.002971252956793385,0.002971266881279917,0.30378758309264753,2
9,0.0034583574879773716,0.0034583567813116747,0.0034583601577317493,0.0034583957565588607,0.0034583590437135933,0.0034583760587997983,0.0034584520100667563,0.0034583578864168913,0.0034594834371685676,0.003458357075607163,0.29836738009075503,0.0034583568187253077,0.48357293995826894,0.003458357163787349,0.17655811027311089,12
10,0.002992151491761176,0.0029921034120884552,0.00299210858452619,0.002992574092939599,0.0029921087806494286,0.002992109099122153,0.0029921032768219858,0.0029923948906240895,0.0029921604427336043,0.0029921045963325304,0.3054268058809891,0.0029921029793956253,0.5296269001114339,0.0029922817890897994,0.1290399905714924,12
11,0.002954918431723481,0.0029549182926530476,0.002954918361502148,0.0029549206789392566,0.0029549193048410425,0.002954921054079498,0.0029549231263212255,0.0029549184827309736,0.9586300803544614,0.0029549185076663356,0.0029550850224487396,0.002954918312469354,0.002954918922005843,0.0029557973437606996,0.0029549238043970324,8
12,0.0022321922205696255,0.0022321933798017455,0.002232192397593575,0.002232195237940896,0.002232192164061552,0.23392794619412907,0.002232192487375206,0.0022322008394142934,0.002232460291954803,0.0022321927413497824,0.002233523205254571,0.002232193269415522,0.0022321933144691416,0.00223248719158372,0.7370516450650866,14
13,0.002992250199689217,0.0029921626848998764,0.0029921624378203425,0.002992339784107004,0.002992405620217919,0.002992420603107416,0.002992162845993041,0.0029922000377537684,0.002993880883630303,0.002992188061488651,0.945626671931119,0.0029921624361862785,0.0029921682892778477,0.015470780369704817,0.002994043815004521,10
14,0.0034332191345007846,0.003432606988443268,0.0034325957754852434,0.2711551996044879,0.0034329078047137954,0.0034325931279563433,0.0034325881911757136,0.003432708081906378,0.01485776683097395,0.6727901034207113,0.003435052065439938,0.00343258786314582,0.003432609447853129,0.003434795426946494,0.003432666236259958,9
15,0.00356903616496644,0.003569029044025009,0.3653099247195312,0.003569030677650126,0.23368130141580132,0.0035690297372936767,0.003569028995603171,0.0035690300672568324,0.00356916267040118,0.0035690294847399023,0.3581801724145259,0.0035690311915930876,0.003569031281567738,0.0035691309299218737,0.003569031205122472,2
16,0.002788249202916173,0.0027882463159160063,0.0027882444081728493,0.0027898028331012972,0.002788252989857388,0.002788389712449426,0.002788307312737037,0.002788260686638007,0.9609609818473953,0.002788249459946715,0.0027885898157637198,0.002788244736107215,0.0027882887348245136,0.0027883435715325817,0.0027895483726418395,8
17,0.0026195828145306557,0.0026195894780466035,0.0026197656030538976,0.0026195838911625816,0.002619584880253975,0.0026195990678171415,0.0026195825660557787,0.0026196105206829795,0.002619602784060593,0.002619583293091707,0.8590085215943979,0.0026195825576856313,0.002619582654142484,0.0026195981181876475,0.1069366301768305,10
18,0.0035828341275214457,0.0035828338473667324,0.0035828337239707155,0.5305512661260674,0.4228718006126411,0.00358283366128498,0.003582833720411511,0.00358283369564473,0.0035829038652971748,0.003582833943877413,0.0035828528713410064,0.003582833652230163,0.0035828336281861274,0.0035828370720573195,0.00358283545210222,3
19,0.0032552479454095243,0.003255248757531323,0.0032552465212607046,0.0032552602831171897,0.0032552465833062083,0.15901144203874065,0.0032552463830996053,0.0032552542993424796,0.4005283147466605,0.0032552470433272,0.0032552493809462116,0.003255246357912365,0.0032552486660784824,0.3835728862944846,0.021079614698782924,8
20,0.0032380995664667927,0.0032376466209861165,0.0032376466805640607,0.003237653591100035,0.6189295628757138,0.0032376471321954987,0.0032376589302391535,0.0032376466467935834,0.003237646771564061,0.0032376466172393805,0.338980551772688,0.0032376466530292043,0.0032376466161114646,0.0032376496659905544,0.0032376498593183214,4
21,0.5402675709243908,0.0025305199834633418,0.002530519987606925,0.002530519930548773,0.0025305243790078417,0.0025305199740270983,0.0025305198628000356,0.0025305199871672474,0.4268356529052941,0.0025305227265701234,0.002530524362512477,0.002530519830647168,0.0025305198318252035,0.00253052543197348,0.0025305198821654953,0
22,0.0024442008109205257,0.0024436597220537414,0.0024436517541880677,0.002443709666290179,0.20908925913764287,0.0024437776511144565,0.0024436529557027684,0.0024436531450812322,0.0024436933103306477,0.0024436517582500173,0.7591420249787183,0.0024436518744628873,0.002443660939702443,0.002443691995799647,0.0024440602997421916,10
23,0.002197428714425304,0.7266492402492092,0.0021968884650584303,0.0021968959397338826,0.0021968923002200808,0.002196957280115304,0.002196892913614623,0.0021973778645318666,0.002196965723854024,0.002197098951082289,0.0021988895051583404,0.002196904401647384,0.0021968885192036017,0.002196993141855869,0.2447876860302897,1
24,0.00321164740943731,0.003211647284719665,0.0032116472769927384,0.003211647648837169,0.00321164727623912,0.0032116473109309713,0.003211647300364807,0.0032116472803164803,0.0032116475595434274,0.0032116475146825867,0.003211647845744659,0.0032116472760832506,0.003211647276311452,0.0032116473154910835,0.9550369364243052,14
25,0.7064632998052314,0.0035292002942511006,0.0035291861615792067,0.003529765679137077,0.003529963490015033,0.0035294706113671685,0.24765269047366326,0.003529654873847022,0.0035314256212075025,0.0035291863426839994,0.003529222053319417,0.0035291876767170145,0.00352918701160043,0.003529295853752955,0.00352926405162735,0
26,0.0035200933325529697,0.0035200682851529476,0.0035200512085576795,0.003520056510067311,0.0035200508401570644,0.0035200474649412982,0.0035200474751346136,0.0035202176813860257,0.5126811313497218,0.07209636495612119,0.031245172419660273,0.0035200547141807912,0.3452560010418229,0.0035202577549757917,0.003520384965567183,8
27,0.002286262296067282,0.002286262714407543,0.002286262298684712,0.0022862631698047395,0.0022862622957217395,0.2535847708945098,0.0022862622993409755,0.002286262300850372,0.0022862627333978436,0.0022862623238890972,0.0022862632136219636,0.0022862623436220282,0.7166938146555336,0.0022862640719892788,0.0022862623885590125,12
28,0.023319417800469523,0.00287838152521893,0.8774389897095711,0.0028785370374957856,0.0028784092515347984,0.002878395750921205,0.0028783653253374687,0.0028784558648318227,0.0028790286973830862,0.017010960124041605,0.050567506682731966,0.00287836384511942,0.002878362686177065,0.0028784110520225746,0.002878414647143519,2
29,0.0029228566219679964,0.002922497419175109,0.0029224945544802663,0.002922505156273957,0.002922504261701875,0.00292249476503998,0.002922494867018894,0.0029224949091213714,0.05402690403603605,0.0029224953549208134,0.01034997572991691,0.0029224945099551275,0.002922502019195958,0.002922502846357067,0.9005527829488387,14
30,0.003799547858486025,0.0037993949687621445,0.003799394070558824,0.4371528914057221,0.003799392507550999,0.003799392418502932,0.003799391886283216,0.0037993914717000827,0.003799438882965356,0.0037994514314425754,0.0037994404020217833,0.0037993914196315414,0.003799391480588645,0.5134546510914307,0.0037994387043530347,13
31,0.0025272226118729984,0.002527205492358572,0.002527205192852448,0.002527206082222114,0.002527206236025739,0.0025272070183837776,0.0025272056157935804,0.47282264190477097,0.0025272256801924923,0.0025272054545848045,0.32668997031747815,0.0025272051769636866,0.0025272050839249063,0.008603325734400768,0.164084762398175,7
32,0.0018986908095457152,0.0018986748288739037,0.0018986747693638998,0.001898719603817705,0.0018987128406059506,0.0018986749225415158,0.0018986816103981352,0.0018986896392987065,0.0018987551523639138,0.0018987344749919566,0.001898770681501745,0.001898675082805906,0.9734179185189332,0.0018989051199992922,0.0018987219449586585,12
33,0.33096013646899003,0.0023383516629069388,0.3664572234423842,0.0023383503276352747,0.002338351086734052,0.0023383507606478853,0.0023383517384231133,0.09550024446765291,0.0023383621061273487,0.002338353453575605,0.002338356574784074,0.002338350179795491,0.0023384184267032913,0.1813604438152037,0.0023383554884361096,2
34,0.0036452696257087782,0.0036452472987396883,0.003645248380638263,0.003645247437041428,0.21807369773916288,0.003645250292121916,0.003645247202146827,0.36173570425304685,0.0036452478122785932,0.0036452473275940664,0.376447595227087,0.0036452495023334207,0.0036452520827224186,0.003645248511150273,0.0036452473082276265,10
35,0.003501184280530238,0.003501185106885438,0.7985206666977422,0.1559554078269538,0.0035016532556274888,0.0035011951171259287,0.0035011827305919847,0.0035011923844288305,0.0035020081843548535,0.0035011853519016423,0.003505204493555184,0.0035011828231638763,0.0035011830722720314,0.0035024560510466722,0.003503112623820062,2
36,0.5404532079041734,0.002987102699209053,0.0029871030042556914,0.002987105698793698,0.0029871026010332485,0.0029871120668828514,0.0029871026410174142,0.0029871026144071447,0.0029871071344860535,0.002987103045278842,0.0029871139833977313,0.002987102614247528,0.0029871026174927203,0.002987102772826927,0.4207144286024977,0
37,0.0030030953492441886,0.003002796466882939,0.0030027959912525045,0.0030027984208811057,0.0030027963449487586,0.003002797190002611,0.003002800220495008,0.003003241340814735,0.5541647423873832,0.0030027964175687134,0.003002796610984851,0.0030027959903721115,0.003002796000258222,0.0030027964512097946,0.40679815481770126,8
38,0.0021402723632828746,0.002140539380078918,0.0021402716908041847,0.0021402730516704143,0.002140308281180125,0.18047411638879646,0.0021402716962035727,0.0021402920044383874,0.002140271663973579,0.002140271637804613,0.002140293726119841,0.0021402728569755018,0.0021402961355486668,0.791701977056949,0.0021402720661739057,13
39,0.00333723118422978,0.0033372398737081662,0.003337231379989417,0.0033372783262668503,0.003337231870742224,0.0033372332948213997,0.0033372299705940788,0.0033372333345784285,0.0033372631888842846,0.18927467995298075,0.7673411873554462,0.0033372298998026653,0.0033372423824070126,0.0033372321276629014,0.003337255857885878,10
40,0.003833857242813343,0.0038338272482654756,0.0038338298896019455,0.003833828341184387,0.00383382871451804,0.003833827214515862,0.0038338275084620907,0.3578807577463223,0.5171994432791829,0.07891342791342261,0.003834069546426873,0.0038338272015410696,0.00383383004993452,0.003833988784896069,0.003833829318912452,8
41,0.003178455719236058,0.003179068218013764,0.0031784199315007568,0.003183891271368483,0.0031784250906199533,0.003178586281525884,0.32253612093364653,0.003178425771569095,0.46588115691869053,0.0031784199944080646,0.003182784363509421,0.0031784195580966926,0.1734301884902862,0.0031784384036904873,0.0031791990538382036,8
42,0.003305830159096592,0.003305819380052643,0.003305820687409766,0.0033058207943962993,0.909586475088486,0.003305818655374905,0.0033058220568738016,0.0033058319972515205,0.0033058772192464726,0.0033058229795306757,0.047437302554200506,0.0033058183933431322,0.0033058182698261582,0.0033058291075193594,0.0033062926573920576,4
43,0.0033872170956328156,0.003387223661757525,0.0033872153440818844,0.00338721902780908,0.059391821342784555,0.0033872306213647116,0.003387221428519085,0.003387218063133953,0.0033872687579776426,0.003387228496155097,0.37764038646744835,0.003387214975248863,0.5223208036024137,0.003387327081631526,0.0033874040340413497,12
44,0.002911668846442039,0.49760311649603883,0.002911660668428202,0.0029116660974751593,0.0029117171996863073,0.002911671457580759,0.002911660709117346,0.0029118925478256964,0.055412433685469296,0.0029116712796731768,0.047371024166982106,0.0029116606523805623,0.0029116690186702467,0.00291169112788894,0.3675847960463413,1
45,0.4744251707077518,0.003003531396379239,0.0030035222241629285,0.0030035462878129104,0.0030035335486251415,0.0030035432717253874,0.003003521761655819,0.0030039822663016865,0.4865281676268918,0.0030038082663236664,0.0030035500790040097,0.0030035216868175597,0.0030035230368956243,0.0030035234864807143,0.003003554353171696,8
46,0.0021769798791452096,0.002176653837984836,0.002176653339824564,0.0021766580489276715,0.0021766533794211214,0.8005017126536481,0.0021766730900783576,0.0021766532848799323,0.00217666311164567,0.0021766671306312608,0.002176686881572805,0.0021766532577090648,0.0021766533174267274,0.002176744952915031,0.17120129383418972,5
47,0.0026876926617938317,0.0026876467557150306,0.002687651887004245,0.0026876993236233586,0.9623717762746645,0.0026876686857969403,0.0026876477979539655,0.0026876657841938658,0.002688468369605333,0.002687652001740042,0.0026876814825789594,0.0026876466880560884,0.002687646898873783,0.002687781943293566,0.002687673445106321,4
48,0.003486223481144085,0.0034862453954722997,0.0034862227088896893,0.003486227196935227,0.0034862247653163416,0.2710978733997592,0.003486222502085567,0.00348622247309684,0.08149915921599307,0.6055675130808227,0.0034869605731494306,0.0034862224528535435,0.0034862224489227546,0.0034862256985935844,0.0034862346069654644,9
49,0.002582252949482159,0.002582309040812458,0.6670726326184018,0.0025823057521513326,0.002582253607138142,0.002582253045111698,0.002582252897978258,0.0025822921927400127,0.0025822529227262363,0.002582255015717078,0.1828822213721256,0.0025822527515348367,0.002582253041244363,0.0025822543944772286,0.11905795839835888,2
50,0.0032805612637673482,0.003280558794307576,0.0032805587680207944,0.003280590570353308,0.003280559102817541,0.0032805590890442387,0.0032805587426370385,0.0032805600758461857,0.0032812696820825396,0.0032805608185106873,0.008654023781314198,0.003280558720301755,0.5374449994109978,0.41453352044171315,0.0032805607382857633,12
51,0.7088671438386691,0.003703076155749419,0.003703077991071081,0.0037030846015611678,0.003703076091871527,0.00370307611272151,0.003703076333070689,0.0037030764690661774,0.003703077830258661,0.003703076425221432,0.0037030856192279485,0.003703076114119819,0.003703076558149486,0.003703081397837637,0.24299283846140446,0
52,0.002762022220579973,0.002762189864547862,0.002762022734188803,0.0027621946764767986,0.002762098151523131,0.0027620700173556735,0.002762027751670275,0.002762137541824619,0.0027622964969284624,0.00276202315167102,0.03064545294600139,0.0027620221061536035,0.0027620222584555047,0.8172503476641697,0.11895907241845322,13
53,0.0036116882287620597,0.8673930921066155,0.003611687774052644,0.0036116958563118494,0.00361169101191893,0.0036117220248343923,0.003611693800902084,0.003611688263812586,0.08565394649175134,0.0036116879930578986,0.003612619916911495,0.0036116878469985526,0.0036116882536912373,0.0036117216564750644,0.003611688773904281,1
54,0.0036379207936801804,0.0036373372297060225,0.0036373355032202075,0.4656914132302794,0.003637344828740572,0.0036373376528023764,0.0036373354798190285,0.0036373355909795338,0.003637414465510285,0.003637830925102456,0.00363738076478081,0.0036373354286052015,0.0036373355970026155,0.4870219306441777,0.0036374118655934386,13
55,0.0033444427850833204,0.003344437226089232,0.003344437159270211,0.003344448143781575,0.00334451239365775,0.0033444389246826602,0.003344437151771276,0.003344465057341213,0.003345149533291531,0.003344502925019747,0.0033545943300757105,0.0033444371444248137,0.5281545534055292,0.428355774952128,0.003345368867853691,12
56,0.0037250803703129318,0.00372507996960993,0.0037250801072894837,0.0037250803674016646,0.0037250822061573154,0.003725082958548976,0.0037250852327926232,0.0037250800359770898,0.9478488459499209,0.0037250823044842523,0.0037250865590184317,0.003725080052136441,0.0037250799861299855,0.0037250826105489775,0.0037250912896710973,8
57,0.0025073509659951565,0.9027834997604802,0.0025069613775307066,0.0025088714514105155,0.0025071385805383374,0.0025070045768851813,0.0025069220972424515,0.002507230237354254,0.002509082815659877,0.008179931029790154,0.05894550445081161,0.002506919638679343,0.002506935203229746,0.002508992662847981,0.0025076551515442985,1
58,0.002591251093747609,0.002591246000436783,0.2053990768142551,0.0025912465000529003,0.0025912468067828117,0.0025912485562979344,0.0025912457962099767,0.45600102831999784,0.0025912620066379137,0.0025912774056278598,0.14546877424495402,0.002591245977138889,0.0025912457845815302,0.0025913829887706237,0.1646272217045082,7
59,0.5564593973120248,0.0025422225874356,0.0025422225574000144,0.002542222654298783,0.002542223029586254,0.0025422227093374675,0.002542222585993217,0.0025422227048893234,0.4104916999221982,0.0025422227212156794,0.0025422276683996774,0.002542222551361318,0.002542222552731084,0.0025422258387080687,0.002542222604420446,0
60,0.002870726519900981,0.002870702727129836,0.0028707018314664714,0.6782761207455302,0.0028707018877758383,0.002870703444935552,0.0028707031341005844,0.0028707017598925914,0.0028707033854339335,0.0028707017862289316,0.002871043106075293,0.0028707017538753114,0.002870701881801981,0.0028707035584771396,0.2844043824773753,3
61,0.003221477493614283,0.0032214774675368625,0.003221477471921214,0.003221477552381295,0.0032214792151372827,0.003221511416548589,0.003221477607459165,0.0032214777686186903,0.003221488155862793,0.0032214775116377594,0.22649670669417987,0.00322147747803586,0.0032214774675895425,0.003221477497466401,0.7316240392020102,14
62,0.3559827998386931,0.00326051265262249,0.0032604978977954736,0.003260533693220655,0.003260511023663418,0.003260524112922655,0.003260497634270927,0.003260513908508555,0.60163049173508,0.00326049774986107,0.0032605517702565057,0.003260497577877506,0.0032604994355057955,0.0032605166418745064,0.003260554327847351,8
63,0.003407381798179961,0.0034070988797545608,0.003407098079536133,0.003407098988001737,0.30955927324172255,0.0034070995461675784,0.0034070981728521813,0.0034072158440903322,0.003407117145069902,0.003407152197473348,0.0034071418727219653,0.0034070980784418276,0.003407098088001057,0.003407098241865842,0.646147929826121,14
64,0.003431400814564892,0.003431416693520452,0.003431402148265261,0.003431439715155482,0.0034314012798960965,0.003431403900204508,0.003431399539957247,0.00343140284935802,0.003431424544452664,0.0034314559437889406,0.9519601954275962,0.0034313995301624243,0.0034314129915673135,0.003431400025260172,0.003431444596250231,10
65,0.0030911660594030352,0.0030911539167305037,0.0030911525881110583,0.19274709172415855,0.7670673202414856,0.003091167611855012,0.0030911554163451645,0.0030914276407894704,0.003091258559724137,0.0030911540937434544,0.003091326414955818,0.0030911525657509025,0.003091154532527984,0.0030911541937318995,0.0030911644406875207,4
66,0.42628723766226756,0.002861273578734786,0.0028612346455168646,0.0028611461097564437,0.002861578319792709,0.0028611384321332186,0.39434504097294487,0.14503260992988115,0.0028612604854547177,0.0028611392586477733,0.0028612528664002206,0.002861138300170703,0.0028611386226794905,0.0028616427527662722,0.0028611680628531626,0
67,0.003670682661405728,0.003670680753216578,0.0036706821731045843,0.23213042506697049,0.0036706813398231634,0.0036707084200482036,0.003670680826220893,0.0036706822804644635,0.0036714426317766948,0.4139789622914084,0.3098312146865464,0.003670683210624928,0.0036706807418150837,0.003670684412639143,0.003681108503935408,9
68,0.002038295388323712,0.8222955638065744,0.0020382950031597132,0.0020382946746389016,0.002038294830261714,0.15120660406976064,0.0020382946724463243,0.0020382946628582266,0.0020382947035804517,0.0020382946655293894,0.0020382947468334587,0.0020382946788259576,0.0020382946766626963,0.0020382947243849075,0.0020382946961596156,1
69,0.0031532714334878693,0.003153271391220022,0.003153271382468078,0.0031532714487257914,0.0031532717299585164,0.0031532804239112894,0.003153271431104416,0.003153271470747117,0.0031532714525144413,0.0031532736075033678,0.6570330325216688,0.0031532713819156745,0.003153271476320501,0.003153271435341842,0.3019744274131123,10
70,0.00324361275458709,0.0032436071813289735,0.003243608113884531,0.5739180165379122,0.0032436083928379994,0.003243616815491083,0.00324360882259989,0.0032436488761332506,0.0032436165456567628,0.3839149441815293,0.0032436562053387023,0.0032436071747069016,0.0032436071782043466,0.003243614367889105,0.0032436268519000226,3
71,0.003319604365524254,0.00331957442962812,0.3452028098245462,0.0033196431028977443,0.0033195704829465274,0.0033195687056904455,0.003319568523317846,0.003319665080491747,0.5199688861474967,0.09499101829031198,0.003320221144793077,0.003319568387753599,0.003319572909084363,0.0033205629622184104,0.003320165643298801,8
72,0.42121232803422226,0.0033145837470295514,0.003314540215404632,0.0033243155328614243,0.0033148899401371514,0.003314642838362883,0.003314541264298652,0.5356822858411622,0.003315449570559658,0.0033148262678919546,0.003319063927052923,0.0033145426122740906,0.0033146782658889365,0.0033147680552596632,0.0033145438875943362,7
73,0.0941252051173568,0.0032234420824175077,0.0032234414074863334,0.0032234651123417843,0.0032234835837686867,0.003223440994690373,0.003223441867401425,0.003223441239095254,0.15404171604354353,0.0032234411630448837,0.1658364990667047,0.0032234409605385664,0.003223441386159911,0.0032240089948358066,0.5505380909806145,14
74,0.003637517005026291,0.0036375193194970196,0.0036375167594739754,0.003637544792433826,0.0036375184687521393,0.003637532802619313,0.0036375167390376066,0.003637519655278218,0.003637517264359568,0.0036375170993169052,0.003638224665698429,0.003637516739293056,0.0036375236844212746,0.0036375657808053272,0.9490739492239871,14
75,0.0031999823977787822,0.0031999620110795745,0.003199961714901087,0.0031999620987697114,0.003199962027643241,0.0031999762917425748,0.003199961825558543,0.003199965473166486,0.9552004081055647,0.0031999715167560752,0.0031999787189115132,0.0031999617087271354,0.0031999617086585393,0.0031999922732873502,0.0031999921274546836,8
76,0.0031782494188158372,0.003178244682199285,0.003178243169770844,0.003178244392794439,0.0031782463304777147,0.003178242789238068,0.003178242739520401,0.003178244201012107,0.003178273760076918,0.0031782428097306185,0.0031782508187978053,0.0031782427815467513,0.003178242785433099,0.9555045457221408,0.003178243598445354,13
77,0.0024992098106416246,0.0024992097166320983,0.002499208966093771,0.0024992149076624778,0.0024992486390237587,0.0024992243391446837,0.002499208862617277,0.002499451740451445,0.002499210599571918,0.002499210034470765,0.6439352211138222,0.0024992191381219197,0.09161516430453964,0.2344587729373565,0.002499224889849992,10
78,0.003253858649485852,0.00325385965598734,0.003253856957969553,0.0032538706496914706,0.0032538571371754795,0.0032538574339695614,0.0032538569806061686,0.003253865631664544,0.5634245759439948,0.003253857573035186,0.0032538606455499303,0.003253856957305079,0.0032538570032711687,0.3776941876755153,0.019834921104778525,8
79,0.003198629539153525,0.41149295541200714,0.0031986363861723653,0.0031986548275956743,0.003198630679959972,0.0031986298258013047,0.5469245749856424,0.003198650055474944,0.003198633375129279,0.003198656217548767,0.0031987114585224842,0.0031986291681157723,0.0031986293657985526,0.0031987085541364865,0.003198670148941557,6
80,0.0028670165443675523,0.002867007747583594,0.002867007545760302,0.0028670083994870596,0.002867009307050132,0.25419893899603163,0.002867008865088318,0.0028670583081875528,0.36190317677667794,0.34948789099400684,0.0028670158704042275,0.002867008434689846,0.0028670160357566823,0.002872824880166879,0.0028670112947413004,8
81,0.003283132951065545,0.0032831252188322982,0.003283126518807432,0.4376338911714091,0.0032831266562742666,0.0032831386210369277,0.11942204661628533,0.003283183241805769,0.0032831380438005874,0.40354637706391167,0.003283174031094463,0.00328312521166882,0.0032831252156038677,0.0032831369084189393,0.003283152529984817,3
82,0.0029657671649663507,0.002965760080009431,0.00296576068995814,0.0029657601179879363,0.002965760231134908,0.002965760685604713,0.3476438506034662,0.0029657675640073584,0.0029657611707759146,0.0029657720413882437,0.0029657762825910858,0.0029657600236054063,0.14111454045232208,0.47565239701607426,0.002965805876107937,13
83,0.5655001569339348,0.0037290225835440523,0.0037290220245143986,0.38600729579376225,0.0037291553259576173,0.0037290287800696926,0.003729022133301293,0.003729700827729856,0.0037327096900511268,0.0037292707718319276,0.003732713040440528,0.0037290219511152438,0.0037290547479856507,0.003735459145462865,0.00372936625029865,0
84,0.003168714638706967,0.003168714027303038,0.003168713947405465,0.0031687140128889503,0.003168718879590878,0.003168716807215916,0.0031687521807424626,0.003168718101230164,0.0031687297472747663,0.0031687164074947973,0.003168882867521584,0.0031687147196448723,0.0031687187788838993,0.9556377595480877,0.0031687153360084514,13
85,0.00374754665914242,0.003747378674692763,0.0037473756044750853,0.003747375774919098,0.003747377548680127,0.00374737566718491,0.003747375584047865,0.003747376969291246,0.0037473761658320653,0.00374737987643885,0.0037473777530992484,0.0037473755739852784,0.003747380720468814,0.0037473786095455837,0.9475365488181966,14
86,0.0034992393062341235,0.5046658776093045,0.0034992365285876465,0.003499249005762554,0.0034992394214455125,0.3077119707015356,0.003499235654302416,0.003499236170090881,0.07271646484331866,0.003499236033760698,0.07641404275738232,0.0034992441387709993,0.0034992358195759226,0.0034992543465832767,0.003499237663345008,1
87,0.5906017490734495,0.0025548998286385413,0.00255489982456125,0.0025548999135121845,0.002554899995013358,0.0025548999755589984,0.00255489984066057,0.002554899963566581,0.37618454614223085,0.0025548999852879205,0.002554905616959715,0.0025548998052223595,0.0025548998065912814,0.0025549003651769314,0.0025548998635700143,0
88,0.0030719194099746382,0.0030719201002781886,0.0030719026926790197,0.003076703228341766,0.0030719084562385963,0.0030720045587219647,0.2615072066639308,0.003071903025643247,0.0030719658019881936,0.0030719018873472453,0.5501359640154225,0.003071902146617027,0.15148898924846313,0.003071902992861988,0.0030719057714916477,10
89,0.002668629930961307,0.0026683477990881023,0.002668339369909364,0.00266836991103319,0.0026686959753870147,0.002668389020055609,0.0026683344024247577,0.0026683358750518127,0.0026683343498902982,0.7240935032417499,0.002668866173585058,0.002668334233580851,0.002668334402588019,0.0026683917652065396,0.24121679354948802,9
90,0.003584536387749547,0.003583964182420801,0.0035839644807622363,0.0035842269946214774,0.05909523338763387,0.0035839702554378437,0.003583964971212297,0.0035839757393201035,0.003593874610904861,0.003583967377666643,0.3567418152886362,0.0035839641013905884,0.0035839650971103746,0.0035841394848386728,0.5411444376402945,14
91,0.002617972313738202,0.002617983205369399,0.0026179707508490703,0.0026180305415653637,0.8346299882361153,0.0026180907863477708,0.0026179821918092946,0.002617992190252258,0.0026188297853816673,0.13133493751279754,0.002618017665542749,0.0026179715541016,0.0026179709536978367,0.002618271179913467,0.002617991132518329,4
92,0.1997600374341326,0.002117247194299355,0.0021171845170297548,0.002117190085522491,0.0021171867581822362,0.0021171856465072745,0.0021171841422149246,0.07643314689743431,0.002117198618772044,0.002117189899985946,0.002119313973726167,0.002117185804403665,0.0021171842302903274,0.6983983292682411,0.00211723552925799,13
93,0.0025673990720893707,0.0025673783446880307,0.0025673776844774366,0.002567383188490826,0.002567383601396841,0.0025673802365831482,0.0025673776424650343,0.677374029639903,0.0025673902347774454,0.0025674279093574983,0.12959400630232618,0.0025673776425353925,0.0025673777050257826,0.0025673905478108667,0.1622233202480732,7
94,0.0034584504108110766,0.003458449028733423,0.0034584513710271066,0.39223730101143034,0.36672997814799396,0.0034584493849704055,0.0034584490674150732,0.003458449132174399,0.0034585297984126265,0.0034584495110340616,0.010815753564228987,0.003458449287352577,0.0034584490299776377,0.003459057583798314,0.19217333367063993,3
95,0.0028392242291639122,0.0028392233691515324,0.0028392193239222614,0.0028392281503308264,0.0028392195227362293,0.002839391156256503,0.002839219544104938,0.0028392312128327772,0.6097293485633001,0.35336004793432335,0.0028392257012023,0.0028392222558007896,0.002839219255698254,0.002839252847520596,0.0028397269336555104,8
96,0.003388708141913357,0.003388648997459924,0.0033886489138180457,0.003388649976973079,0.00338865283702211,0.38962383187680555,0.0033886736244810264,0.003388649570130794,0.4509669844451061,0.11874515080224679,0.003388716595341646,0.0033886483014768445,0.003388648303011852,0.003388730715022536,0.003388656899190192,8
97,0.448159407764185,0.0038241538872889097,0.003824153028366195,0.0038241530207595315,0.5021261840929445,0.0038241530681327575,0.003824153154413946,0.0038241530126145473,0.0038241567550204485,0.003824240426353017,0.0038241577219400294,0.0038241528622242867,0.0038241528930508728,0.0038244636522567796,0.0038241646604489986,4
98,0.003070588590765466,0.0030704594970946395,0.0030704552464315624,0.5360287793332419,0.4240533645968289,0.00307045406850257,0.0030704520592051694,0.0030704843832807848,0.0030718962043731887,0.003070473782375393,0.003070627660511117,0.0030704519088567877,0.0030704520159849924,0.0030705982046151594,0.0030704624479322875,3
99,0.002788073676054755,0.0027879502978731016,0.0027879445517111127,0.002787955876956731,0.002787947339722393,0.0027879470323648285,0.5208229061063184,0.002788198531203608,0.05844156001909776,0.0027879552716364984,0.00278878367013913,0.0027879447275077143,0.0027879481845357167,0.002788183520892348,0.38727870119398594,6
100,0.0037694241115481747,0.003769704475354108,0.00376943427457299,0.0037693897397788625,0.0037700546463902635,0.0037693974253896756,0.36368727016550045,0.0037693864541402315,0.0037699349815214257,0.0037693930213801873,0.0037694766230855943,0.0037693836812732195,0.0037693888911985284,0.5873080146075425,0.003770346901323822,13
101,0.002990182785857597,0.0029903231402985666,0.0029901657126488995,0.002990166923502502,0.0029901678995999078,0.25069988324543957,0.002990167742104677,0.19985564252534838,0.2688371774517291,0.24771523955603128,0.002990178350463969,0.002990166872873592,0.002990178317998316,0.00299016960846027,0.002990189867643425,8
102,0.003007639589405752,0.003007278427552148,0.0030072712565553227,0.0030073465808258546,0.0030094031062887433,0.05833245895050781,0.00300727700825852,0.0030074718081588583,0.316914059362295,0.5886608826423373,0.003008152876336443,0.0030072746909206188,0.003007271392526691,0.0030088382884777983,0.003007374019553396,9
103,0.0032789326168416086,0.0032777157257780237,0.00327771555960952,0.003277716505859779,0.003278143765870186,0.0032778242153280587,0.0032777159957053143,0.0032777176975459857,0.003277716361306681,0.003277741153477698,0.39855812286060643,0.0032777155510190603,0.003277726770789141,0.5588297098518109,0.0032777853684515155,13
104,0.00307563910266968,0.0030756120350354903,0.0030756219468132816,0.0030756121581645497,0.0030756124473588086,0.0030756331190452354,0.0030756166878752995,0.0030756207761793767,0.6910669995859671,0.003077683648495598,0.0030756373677841343,0.26894761224193864,0.003075611917781005,0.0030758742343917535,0.0030756127304999987,8
105,0.002738148472277129,0.002738467058501763,0.0027381219591828937,0.002738122627646594,0.0027381569429185335,0.002738122906649193,0.0027384941334595812,0.7712562105325426,0.0027392184435715517,0.0027381651717991724,0.0027385362117113275,0.002738121376959367,0.0027381218736175386,0.0027401240456814387,0.1931438682434811,7
106,0.003418343126758033,0.0034183403203844414,0.0034183339033250918,0.003423234332576329,0.0034183366897800535,0.0034183335673414485,0.00341833381095057,0.0034183333208266348,0.07326313430072982,0.003418346087237759,0.02279002872825994,0.003418333277142416,0.0034183332135381364,0.4810435566180785,0.3852966787030708,13
107,0.003767477348849114,0.003767453684656097,0.0037674525646952846,0.003767667350394047,0.0037686736689189594,0.5014370312232064,0.003767463524262561,0.0037674939796330112,0.0037675099937901847,0.40954152184931547,0.033462232775138386,0.0037674563115399247,0.00376745374959821,0.014114374400217325,0.0037687375757850406,5
108,0.0032726718596339153,0.0032725440009692005,0.003273513290605793,0.0032775235622266676,0.0032725424128261173,0.0032725425000706557,0.26868853769347945,0.003272543809996103,0.0032732696367290667,0.0032725747468978056,0.003272565033031395,0.0032725423836980575,0.0032725427713583867,0.6887544778829405,0.0032796084155366535,13
109,0.6083473457274065,0.08236028237467898,0.002579600798468529,0.0025796008905320713,0.0025796010106857825,0.0025796049661165107,0.002579600826707793,0.002579600974675864,0.2783371486798377,0.002579600987584124,0.002579608407676099,0.0025796007985812654,0.002579601415790996,0.0025796012949550334,0.0025796008463027206,0
110,0.002807412353593678,0.0028074115598631815,0.00280741133620649,0.002807412745148584,0.0028074135991485753,0.7396423488322025,0.0028074113376962825,0.002807412902904503,0.2238610992625678,0.0028074696003001134,0.0028074186758674196,0.002807411674890272,0.002807411481892841,0.002807538677234412,0.0028074159604831905,5
111,0.0032422045232469556,0.003242173381043221,0.0032421567575418348,0.9315945742793291,0.026257092014605347,0.003242157002625965,0.003242154346867341,0.0032421555679448336,0.003242241682784324,0.0032421690893202505,0.0032421748605939377,0.003242155779433283,0.0032421560646253367,0.0032422399655984246,0.0032421946844397812,3
112,0.560118251728185,0.0025281144066926393,0.002528113157140985,0.002528382152806081,0.002528113203124099,0.0025281131619116245,0.0025281152883496593,0.002528113541024096,0.4070149846990016,0.0025289398215480557,0.0025283002388644927,0.0025281130315477473,0.00252811375769949,0.0025281181837077905,0.0025281136283965664,0
113,0.969324749437714,0.0021912454288979906,0.002190988246282839,0.002190960543901656,0.002190945677520217,0.002190945781153739,0.002190944341386431,0.002190944471839364,0.0021924832913894675,0.00219094581753327,0.002191022799217489,0.0021909456582074357,0.002190944681577645,0.002190948218320396,0.0021909856050579476,0
114,0.0029982262193150636,0.0029982411343899605,0.5775143008287168,0.38350074554589586,0.002998265050017301,0.0029982232656963126,0.002998295961868523,0.0029983057807539204,0.0029997498122817747,0.0029992753755565637,0.0029983372391721125,0.0029982211124781645,0.002998221106738239,0.003000832768023365,0.0030007587990959804,2
115,0.0030522610792882657,0.003051475191651894,0.003051413008609409,0.012124684719528562,0.9034491485155989,0.003051424729168078,0.003051417731318799,0.0030514045459845733,0.0030515369627464334,0.0030514275320163223,0.03717593233866677,0.0030513958448452013,0.003051417107712122,0.013683426760058716,0.0030516339328059876,4
116,0.0031702885988438784,0.003170267283580952,0.003170268441402666,0.9556137968174804,0.003172481479047561,0.003170269285644622,0.003170270371282018,0.003170270319000549,0.003170275597627441,0.0031702930812901784,0.0031703032177119992,0.0031702674654942625,0.003170267266864388,0.0031702911285405953,0.0031703896461883637,3
117,0.0029969252723449657,0.0029969251936745453,0.0029969124490075495,0.0029970008942945027,0.6724044531298008,0.0029969137161315862,0.0029969124619248413,0.0029969154611012598,0.002998113987710847,0.002996968074303949,0.28863374702675865,0.002996912512087899,0.00299691762325073,0.0029974276904315383,0.002996954507176323,4
118,0.0032689354521430003,0.3994259262515222,0.003268855631761218,0.0032688713969227776,0.003268865327364068,0.00326885693926703,0.003268855919469117,0.003268857625483792,0.03042003256751236,0.0032688686181608024,0.5309275785418821,0.0032688554700345002,0.003268855662506077,0.0032689276789344096,0.0032688569170366746,10
119,0.0035514512012029672,0.0035514516369985405,0.003551451076398989,0.003551451195872516,0.003551452882811133,0.003551452987111951,0.0035514518205895587,0.003551451085930354,0.003551454372199368,0.0035514513935936323,0.9502796705659737,0.00355145107462906,0.003551451123069931,0.003551455906819847,0.003551451676798704,10
120,0.5484132927011391,0.0025330831204093806,0.0025330839543268708,0.002533085324562673,0.002533083229931189,0.002533083117227441,0.002533083023131028,0.0025330835524270093,0.19451534676550078,0.0025330861626061854,0.00253308426847175,0.0025330829952614877,0.0025330846168633457,0.22667435409880507,0.002533083069336501,0
121,0.9688351768404937,0.0022260038701035966,0.0022259884401551384,0.0022260155679807324,0.0022260022190871355,0.0022259886312609636,0.0022259938407880103,0.002225988880543575,0.0022260091743167908,0.0022259902294966888,0.002226426460715148,0.0022259918709582518,0.002225997510995027,0.0022264195587839743,0.002226006904321298,0
122,0.6226457972322084,0.002562302785394368,0.0025623076655817596,0.0025623027351343764,0.0025623034998716317,0.002562303855555561,0.002562302741581461,0.0025623031334585876,0.0025623107781692868,0.002562304293430194,0.002562304710352009,0.0025623026685146423,0.002562302700072073,0.3440442421783145,0.0025623090223610492,0
